Read times - Voltage  graph	Voltage(V) - Voltage  graph	Read times - Current graph	Current(A) - Current graph
0	5,073	0	0,5224
1	5,073	1	0,5224
2	5,073	2	0,5263
3	5,073	3	0,5263
4	5,073	4	0,5228
5	5,071	5	0,5228
6	5,071	6	0,5248
7	5,072	7	0,5248
8	5,072	8	0,5224
9	5,072	9	0,5224
10	5,072	10	0,5259
11	5,073	11	0,5259
12	5,073	12	0,522
13	5,071	13	0,522
14	5,071	14	0,5254
15	5,072	15	0,5254
16	5,072	16	0,522
17	5,073	17	0,522
18	5,073	18	0,5252
19	5,072	19	0,5252
20	5,072	20	0,5214
21	5,071	21	0,5214
22	5,071	22	0,5254
23	5,072	23	0,5254
24	5,072	24	0,5214
25	5,072	25	0,5214
26	5,072	26	0,5254
27	5,072	27	0,5254
28	5,072	28	0,522
29	5,073	29	0,522
30	5,073	30	0,5257
31	5,073	31	0,5257
32	5,073	32	0,5224
33	5,072	33	0,5224
34	5,072	34	0,5254
35	5,073	35	0,5254
36	5,073	36	0,5228
37	5,073	37	0,5228
38	5,073	38	0,5246
39	5,073	39	0,5246
40	5,073	40	0,5226
41	5,073	41	0,5226
42	5,073	42	0,5248
43	5,073	43	0,5248
44	5,073	44	0,5234
45	5,073	45	0,5234
46	5,073	46	0,5252
47	5,071	47	0,5252
48	5,071	48	0,5222
49	5,072	49	0,5222
50	5,072	50	0,5246
51	5,071	51	0,5246
52	5,071	52	0,5226
53	5,072	53	0,5226
54	5,072	54	0,5242
55	5,072	55	0,5242
56	5,072	56	0,5228
57	5,072	57	0,5228
58	5,072	58	0,524
59	5,071	59	0,524
60	5,071	60	0,5228
61	5,073	61	0,5228
62	5,073	62	0,5232
63	5,072	63	0,5232
64	5,072	64	0,5232
65	5,072	65	0,5232
66	5,072	66	0,5234
67	5,071	67	0,5234
68	5,071	68	0,5234
69	5,073	69	0,5234
70	5,073	70	0,5236
71	5,072	71	0,5236
72	5,072	72	0,5256
73	5,073	73	0,5256
74	5,073	74	0,5238
75	5,072	75	0,5238
76	5,072	76	0,525
77	5,072	77	0,525
78	5,072	78	0,5224
79	5,072	79	0,5224
80	5,072	80	0,525
81	5,073	81	0,525
82	5,073	82	0,5224
83	5,073	83	0,5224
84	5,073	84	0,5269
85	5,073	85	0,5269
86	5,073	86	0,5238
87	5,073	87	0,5238
88	5,073	88	0,5271
89	5,071	89	0,5271
90	5,071	90	0,5232
91	5,072	91	0,5232
92	5,072	92	0,5271
93	5,072	93	0,5271
94	5,072	94	0,5232
95	5,073	95	0,5232
96	5,073	96	0,5273
97	5,073	97	0,5273
98	5,073	98	0,523
99	5,072	99	0,523
100	5,072	100	0,5261
101	5,072	101	0,5261
102	5,072	102	0,5234
103	5,073	103	0,5234
104	5,073	104	0,5265
105	5,073	105	0,5265
106	5,073	106	0,5254
107	5,073	107	0,5254
108	5,073	108	0,5267
109	5,072	109	0,5267
110	5,072	110	0,5248
111	5,072	111	0,5248
112	5,072	112	0,5252
113	5,071	113	0,5252
114	5,071	114	0,5248
115	5,072	115	0,5248
116	5,072	116	0,525
117	5,071	117	0,525
118	5,071	118	0,5249
119	5,073	119	0,5249
120	5,073	120	0,5247
121	5,073	121	0,5247
122	5,073	122	0,5251
123	5,072	123	0,5251
124	5,072	124	0,5246
125	5,073	125	0,5246
126	5,073	126	0,5269
127	5,073	127	0,5269
128	5,073	128	0,5244
129	5,073	129	0,5244
130	5,073	130	0,5267
131	5,073	131	0,5267
132	5,073	132	0,5234
133	5,072	133	0,5234
134	5,072	134	0,5269
135	5,072	135	0,5269
136	5,072	136	0,5234
137	5,072	137	0,5234
138	5,072	138	0,5269
139	5,072	139	0,5269
140	5,072	140	0,523
141	5,073	141	0,523
142	5,073	142	0,5275
143	5,073	143	0,5275
144	5,073	144	0,5244
145	5,073	145	0,5244
146	5,073	146	0,5267
147	5,072	147	0,5267
148	5,072	148	0,5236
149	5,073	149	0,5236
150	5,073	150	0,5263
151	5,073	151	0,5263
152	5,073	152	0,5246
153	5,072	153	0,5246
154	5,072	154	0,5261
155	5,073	155	0,5261
156	5,073	156	0,5246
157	5,073	157	0,5246
158	5,073	158	0,5259
159	5,072	159	0,5259
160	5,072	160	0,524
161	5,072	161	0,524
162	5,072	162	0,5261
163	5,072	163	0,5261
164	5,072	164	0,5248
165	5,073	165	0,5248
166	5,073	166	0,5263
167	5,073	167	0,5263
168	5,073	168	0,5244
169	5,072	169	0,5244
170	5,072	170	0,5263
171	5,073	171	0,5263
172	5,073	172	0,5258
173	5,073	173	0,5258
174	5,073	174	0,5257
175	5,072	175	0,5257
176	5,072	176	0,5258
177	5,073	177	0,5258
178	5,073	178	0,5257
179	5,072	179	0,5257
180	5,072	180	0,5259
181	5,073	181	0,5259
182	5,073	182	0,5259
183	5,073	183	0,5259
184	5,073	184	0,5261
185	5,074	185	0,5261
186	5,074	186	0,526
187	5,073	187	0,526
188	5,073	188	0,5258
189	5,073	189	0,5258
190	5,073	190	0,5257
191	5,073	191	0,5257
192	5,073	192	0,526
193	5,073	193	0,526
194	5,073	194	0,5256
195	5,072	195	0,5256
196	5,072	196	0,5254
197	5,072	197	0,5254
198	5,072	198	0,5256
199	5,072	199	0,5256
200	5,072	200	0,5253
201	5,072	201	0,5253
202	5,072	202	0,5254
203	5,071	203	0,5254
204	5,071	204	0,5251
205	5,072	205	0,5251
206	5,072	206	0,5252
207	5,071	207	0,5252
208	5,071	208	0,5249
209	5,073	209	0,5249
210	5,073	210	0,5247
211	5,072	211	0,5247
212	5,072	212	0,5246
213	5,074	213	0,5246
214	5,074	214	0,5244
215	5,073	215	0,5244
216	5,073	216	0,5256
217	5,074	217	0,5256
218	5,074	218	0,5244
219	5,073	219	0,5244
220	5,073	220	0,5244
221	5,073	221	0,5244
222	5,073	222	0,524
223	5,072	223	0,524
224	5,072	224	0,5261
225	5,074	225	0,5261
226	5,074	226	0,5236
227	5,072	227	0,5236
228	5,072	228	0,5246
229	5,073	229	0,5246
230	5,073	230	0,5236
231	5,073	231	0,5236
232	5,073	232	0,5259
233	5,073	233	0,5259
234	5,073	234	0,5238
235	5,073	235	0,5238
236	5,073	236	0,5263
237	5,073	237	0,5263
238	5,073	238	0,5232
239	5,072	239	0,5232
240	5,072	240	0,5265
241	5,072	241	0,5265
242	5,072	242	0,5232
243	5,072	243	0,5232
244	5,072	244	0,5265
245	5,072	245	0,5265
246	5,072	246	0,523
247	5,072	247	0,523
248	5,072	248	0,5269
249	5,073	249	0,5269
250	5,073	250	0,5242
251	5,073	251	0,5242
252	5,073	252	0,5275
253	5,073	253	0,5275
254	5,073	254	0,524
255	5,073	255	0,524
256	5,073	256	0,5269
257	5,073	257	0,5269
258	5,073	258	0,524
259	5,073	259	0,524
260	5,073	260	0,5277
261	5,073	261	0,5277
262	5,073	262	0,5244
263	5,073	263	0,5244
264	5,073	264	0,5277
265	5,073	265	0,5277
266	5,073	266	0,5244
267	5,074	267	0,5244
268	5,074	268	0,5279
269	5,072	269	0,5279
270	5,072	270	0,5234
271	5,073	271	0,5234
272	5,073	272	0,5269
273	5,073	273	0,5269
274	5,073	274	0,5238
275	5,073	275	0,5238
276	5,073	276	0,5275
277	5,073	277	0,5275
278	5,073	278	0,5236
279	5,073	279	0,5236
280	5,073	280	0,5275
281	5,073	281	0,5275
282	5,073	282	0,524
283	5,073	283	0,524
284	5,073	284	0,5281
285	5,073	285	0,5281
286	5,073	286	0,5242
287	5,074	287	0,5242
288	5,074	288	0,5273
289	5,074	289	0,5273
290	5,074	290	0,524
291	5,074	291	0,524
292	5,074	292	0,5275
293	5,073	293	0,5275
294	5,073	294	0,5236
295	5,073	295	0,5236
296	5,073	296	0,5269
297	5,074	297	0,5269
298	5,074	298	0,5236
299	5,073	299	0,5236
300	5,073	300	0,5273
301	5,074	301	0,5273
302	5,074	302	0,5238
303	5,073	303	0,5238
304	5,073	304	0,5263
305	5,072	305	0,5263
306	5,072	306	0,5232
307	5,072	307	0,5232
308	5,072	308	0,5267
309	5,072	309	0,5267
310	5,072	310	0,5232
311	5,073	311	0,5232
312	5,073	312	0,5265
313	5,072	313	0,5265
314	5,072	314	0,5232
315	5,073	315	0,5232
316	5,073	316	0,5265
317	5,073	317	0,5265
318	5,073	318	0,5234
319	5,073	319	0,5234
320	5,073	320	0,5265
321	5,073	321	0,5265
322	5,073	322	0,523
323	5,073	323	0,523
324	5,073	324	0,5277
325	5,074	325	0,5277
326	5,074	326	0,524
327	5,074	327	0,524
328	5,074	328	0,5281
329	5,074	329	0,5281
330	5,074	330	0,524
331	5,073	331	0,524
332	5,073	332	0,5279
333	5,074	333	0,5279
334	5,074	334	0,524
335	5,073	335	0,524
336	5,073	336	0,5275
337	5,073	337	0,5275
338	5,073	338	0,5242
339	5,074	339	0,5242
340	5,074	340	0,5279
341	5,074	341	0,5279
342	5,074	342	0,524
343	5,073	343	0,524
344	5,073	344	0,5271
345	5,074	345	0,5271
346	5,074	346	0,5238
347	5,072	347	0,5238
348	5,072	348	0,5265
349	5,072	349	0,5265
350	5,072	350	0,523
351	5,073	351	0,523
352	5,073	352	0,5267
353	5,073	353	0,5267
354	5,073	354	0,5238
355	5,073	355	0,5238
356	5,073	356	0,5271
357	5,073	357	0,5271
358	5,073	358	0,5238
359	5,073	359	0,5238
360	5,073	360	0,5271
361	5,073	361	0,5271
362	5,073	362	0,524
363	5,073	363	0,524
364	5,073	364	0,5275
365	5,073	365	0,5275
366	5,073	366	0,524
367	5,073	367	0,524
368	5,073	368	0,5287
369	5,074	369	0,5287
370	5,074	370	0,524
371	5,073	371	0,524
372	5,073	372	0,5281
373	5,073	373	0,5281
374	5,073	374	0,5236
375	5,073	375	0,5236
376	5,073	376	0,5285
377	5,074	377	0,5285
378	5,074	378	0,5246
379	5,074	379	0,5246
380	5,074	380	0,5285
381	5,074	381	0,5285
382	5,074	382	0,5246
383	5,074	383	0,5246
384	5,074	384	0,5279
385	5,074	385	0,5279
386	5,074	386	0,5246
387	5,074	387	0,5246
388	5,074	388	0,5277
389	5,074	389	0,5277
390	5,074	390	0,5246
391	5,074	391	0,5246
392	5,074	392	0,5267
393	5,073	393	0,5267
394	5,073	394	0,5236
395	5,073	395	0,5236
396	5,073	396	0,5271
397	5,073	397	0,5271
398	5,073	398	0,524
399	5,073	399	0,524
400	5,073	400	0,5273
401	5,073	401	0,5273
402	5,073	402	0,5242
403	5,073	403	0,5242
404	5,073	404	0,5271
405	5,073	405	0,5271
406	5,073	406	0,524
407	5,074	407	0,524
408	5,074	408	0,5265
409	5,073	409	0,5265
410	5,073	410	0,524
411	5,074	411	0,524
412	5,074	412	0,5265
413	5,073	413	0,5265
414	5,073	414	0,5248
415	5,075	415	0,5248
416	5,075	416	0,5277
417	5,074	417	0,5277
418	5,074	418	0,5254
419	5,074	419	0,5254
420	5,074	420	0,5273
421	5,074	421	0,5273
422	5,074	422	0,525
423	5,075	423	0,525
424	5,075	424	0,5275
425	5,074	425	0,5275
426	5,074	426	0,5256
427	5,074	427	0,5256
428	5,074	428	0,5275
429	5,074	429	0,5275
430	5,074	430	0,5252
431	5,075	431	0,5252
432	5,075	432	0,5267
433	5,074	433	0,5267
434	5,074	434	0,5257
435	5,073	435	0,5257
436	5,073	436	0,5261
437	5,073	437	0,5261
438	5,073	438	0,524
439	5,074	439	0,524
440	5,074	440	0,5265
441	5,073	441	0,5265
442	5,073	442	0,5244
443	5,073	443	0,5244
444	5,073	444	0,5265
445	5,073	445	0,5265
446	5,073	446	0,5246
447	5,074	447	0,5246
448	5,074	448	0,5271
449	5,074	449	0,5271
450	5,074	450	0,5257
451	5,075	451	0,5257
452	5,075	452	0,5269
453	5,074	453	0,5269
454	5,074	454	0,5256
455	5,074	455	0,5256
456	5,074	456	0,5269
457	5,074	457	0,5269
458	5,074	458	0,5266
459	5,075	459	0,5266
460	5,075	460	0,5268
461	5,074	461	0,5268
462	5,074	462	0,5265
463	5,075	463	0,5265
464	5,075	464	0,5267
465	5,074	465	0,5267
466	5,074	466	0,5256
467	5,074	467	0,5256
468	5,074	468	0,5271
469	5,074	469	0,5271
470	5,074	470	0,5267
471	5,075	471	0,5267
472	5,075	472	0,5256
473	5,073	473	0,5256
474	5,073	474	0,5257
475	5,075	475	0,5257
476	5,075	476	0,5261
477	5,074	477	0,5261
478	5,074	478	0,5261
479	5,075	479	0,5261
480	5,075	480	0,5259
481	5,074	481	0,5259
482	5,074	482	0,5261
483	5,074	483	0,5261
484	5,074	484	0,5259
485	5,074	485	0,5259
486	5,074	486	0,5269
487	5,075	487	0,5269
488	5,075	488	0,5259
489	5,074	489	0,5259
490	5,074	490	0,5273
491	5,075	491	0,5273
492	5,075	492	0,5256
493	5,073	493	0,5256
494	5,073	494	0,5257
495	5,073	495	0,5257
496	5,073	496	0,5256
497	5,073	497	0,5256
498	5,073	498	0,5257
499	5,074	499	0,5257
500	5,074	500	0,5255
501	5,073	501	0,5255
502	5,073	502	0,5259
503	5,074	503	0,5259
504	5,074	504	0,5254
505	5,073	505	0,5254
506	5,073	506	0,5256
507	5,074	507	0,5256
508	5,074	508	0,5246
509	5,073	509	0,5246
510	5,073	510	0,5265
511	5,074	511	0,5265
512	5,074	512	0,5248
513	5,073	513	0,5248
514	5,073	514	0,5265
515	5,074	515	0,5265
516	5,074	516	0,5246
517	5,073	517	0,5246
518	5,073	518	0,5267
519	5,074	519	0,5267
520	5,074	520	0,5248
521	5,073	521	0,5248
522	5,073	522	0,5277
523	5,075	523	0,5277
524	5,075	524	0,5256
525	5,074	525	0,5256
526	5,074	526	0,5271
527	5,075	527	0,5271
528	5,075	528	0,5248
529	5,074	529	0,5248
530	5,074	530	0,5277
531	5,074	531	0,5277
532	5,074	532	0,5254
533	5,074	533	0,5254
534	5,074	534	0,5283
535	5,075	535	0,5283
536	5,075	536	0,5252
537	5,075	537	0,5252
538	5,075	538	0,5289
539	5,075	539	0,5289
540	5,075	540	0,5254
541	5,075	541	0,5254
542	5,075	542	0,5289
543	5,074	543	0,5289
544	5,074	544	0,5246
545	5,074	545	0,5246
546	5,074	546	0,5279
547	5,074	547	0,5279
548	5,074	548	0,5246
549	5,074	549	0,5246
550	5,074	550	0,5281
551	5,074	551	0,5281
552	5,074	552	0,5244
553	5,074	553	0,5244
554	5,074	554	0,5283
555	5,074	555	0,5283
556	5,074	556	0,5244
557	5,074	557	0,5244
558	5,074	558	0,5281
559	5,074	559	0,5281
560	5,074	560	0,524
561	5,074	561	0,524
562	5,074	562	0,5291
563	5,075	563	0,5291
564	5,075	564	0,5246
565	5,075	565	0,5246
566	5,075	566	0,5285
567	5,075	567	0,5285
568	5,075	568	0,5246
569	5,074	569	0,5246
570	5,074	570	0,5283
571	5,074	571	0,5283
572	5,074	572	0,5248
573	5,075	573	0,5248
574	5,075	574	0,5277
575	5,074	575	0,5277
576	5,074	576	0,5256
577	5,075	577	0,5256
578	5,075	578	0,5283
579	5,075	579	0,5283
580	5,075	580	0,5256
581	5,075	581	0,5256
582	5,075	582	0,5277
583	5,073	583	0,5277
584	5,073	584	0,5248
585	5,074	585	0,5248
586	5,074	586	0,5273
587	5,074	587	0,5273
588	5,074	588	0,5263
589	5,075	589	0,5263
590	5,075	590	0,5275
591	5,074	591	0,5275
592	5,074	592	0,5248
593	5,074	593	0,5248
594	5,074	594	0,5269
595	5,073	595	0,5269
596	5,073	596	0,5252
597	5,074	597	0,5252
598	5,074	598	0,5267
599	5,074	599	0,5267
600	5,074	600	0,5254
601	5,074	601	0,5254
602	5,074	602	0,5267
603	5,073	603	0,5267
604	5,073	604	0,5254
605	5,074	605	0,5254
606	5,074	606	0,5258
607	5,074	607	0,5258
608	5,074	608	0,5261
609	5,075	609	0,5261
610	5,075	610	0,5273
611	5,074	611	0,5273
612	5,074	612	0,5269
613	5,075	613	0,5269
614	5,075	614	0,5268
615	5,074	615	0,5268
616	5,074	616	0,5264
617	5,075	617	0,5264
618	5,075	618	0,5264
619	5,074	619	0,5264
620	5,074	620	0,5266
621	5,075	621	0,5266
622	5,075	622	0,5263
623	5,074	623	0,5263
624	5,074	624	0,5273
625	5,075	625	0,5273
626	5,075	626	0,5263
627	5,075	627	0,5263
628	5,075	628	0,5277
629	5,074	629	0,5277
630	5,074	630	0,5259
631	5,074	631	0,5259
632	5,074	632	0,5261
633	5,074	633	0,5261
634	5,074	634	0,5259
635	5,074	635	0,5259
636	5,074	636	0,5262
637	5,075	637	0,5262
638	5,075	638	0,5252
639	5,074	639	0,5252
640	5,074	640	0,5269
641	5,074	641	0,5269
642	5,074	642	0,5256
643	5,074	643	0,5256
644	5,074	644	0,5279
645	5,074	645	0,5279
646	5,074	646	0,5259
647	5,074	647	0,5259
648	5,074	648	0,5291
649	5,075	649	0,5291
650	5,075	650	0,5259
651	5,075	651	0,5259
652	5,075	652	0,5287
653	5,075	653	0,5287
654	5,075	654	0,5254
655	5,075	655	0,5254
656	5,075	656	0,5291
657	5,075	657	0,5291
658	5,075	658	0,5259
659	5,075	659	0,5259
660	5,075	660	0,5291
661	5,075	661	0,5291
662	5,075	662	0,5256
663	5,075	663	0,5256
664	5,075	664	0,5291
665	5,074	665	0,5291
666	5,074	666	0,5244
667	5,074	667	0,5244
668	5,074	668	0,5273
669	5,074	669	0,5273
670	5,074	670	0,5246
671	5,074	671	0,5246
672	5,074	672	0,5277
673	5,074	673	0,5277
674	5,074	674	0,5248
675	5,074	675	0,5248
676	5,074	676	0,5279
677	5,075	677	0,5279
678	5,075	678	0,5248
679	5,074	679	0,5248
680	5,074	680	0,5279
681	5,075	681	0,5279
682	5,075	682	0,5248
683	5,074	683	0,5248
684	5,074	684	0,5281
685	5,075	685	0,5281
686	5,075	686	0,5256
687	5,075	687	0,5256
688	5,075	688	0,5293
689	5,076	689	0,5293
690	5,076	690	0,5252
691	5,075	691	0,5252
692	5,075	692	0,5291
693	5,076	693	0,5291
694	5,076	694	0,5254
695	5,075	695	0,5254
696	5,075	696	0,5293
697	5,075	697	0,5293
698	5,075	698	0,5252
699	5,075	699	0,5252
700	5,075	700	0,5291
701	5,075	701	0,5291
702	5,075	702	0,5252
703	5,075	703	0,5252
704	5,075	704	0,5289
705	5,076	705	0,5289
706	5,076	706	0,5254
707	5,075	707	0,5254
708	5,075	708	0,5289
709	5,075	709	0,5289
710	5,075	710	0,5254
711	5,074	711	0,5254
712	5,074	712	0,5277
713	5,076	713	0,5277
714	5,076	714	0,5256
715	5,074	715	0,5256
716	5,074	716	0,5279
717	5,075	717	0,5279
718	5,075	718	0,5248
719	5,074	719	0,5248
720	5,074	720	0,5277
721	5,075	721	0,5277
722	5,075	722	0,5252
723	5,074	723	0,5252
724	5,074	724	0,5281
725	5,075	725	0,5281
726	5,075	726	0,5248
727	5,074	727	0,5248
728	5,074	728	0,5285
729	5,075	729	0,5285
730	5,075	730	0,5257
731	5,076	731	0,5257
732	5,076	732	0,5287
733	5,075	733	0,5287
734	5,075	734	0,5256
735	5,075	735	0,5256
736	5,075	736	0,5297
737	5,075	737	0,5297
738	5,075	738	0,5256
739	5,075	739	0,5256
740	5,075	740	0,5295
741	5,076	741	0,5295
742	5,076	742	0,5256
743	5,075	743	0,5256
744	5,075	744	0,5289
745	5,076	745	0,5289
746	5,076	746	0,5254
747	5,076	747	0,5254
748	5,076	748	0,5287
749	5,076	749	0,5287
750	5,076	750	0,5252
751	5,075	751	0,5252
752	5,075	752	0,5289
753	5,076	753	0,5289
754	5,076	754	0,5254
755	5,074	755	0,5254
756	5,074	756	0,5283
757	5,074	757	0,5283
758	5,074	758	0,5254
759	5,074	759	0,5254
760	5,074	760	0,5281
761	5,074	761	0,5281
762	5,074	762	0,525
763	5,074	763	0,525
764	5,074	764	0,5287
765	5,075	765	0,5287
766	5,075	766	0,525
767	5,075	767	0,525
768	5,075	768	0,5287
769	5,075	769	0,5287
770	5,075	770	0,525
771	5,075	771	0,525
772	5,075	772	0,5287
773	5,075	773	0,5287
774	5,075	774	0,5248
775	5,075	775	0,5248
776	5,075	776	0,5289
777	5,074	777	0,5289
778	5,074	778	0,5244
779	5,074	779	0,5244
780	5,074	780	0,5293
781	5,076	781	0,5293
782	5,076	782	0,5256
783	5,078	783	0,5256
784	5,078	784	0,5293
785	5,078	785	0,5293
786	5,078	786	0,5254
787	5,078	787	0,5254
788	5,078	788	0,5287
789	5,079	789	0,5287
790	5,079	790	0,5254
791	5,078	791	0,5254
792	5,078	792	0,5287
793	5,078	793	0,5287
794	5,078	794	0,5254
795	5,079	795	0,5254
796	5,079	796	0,5279
797	5,079	797	0,5279
798	5,079	798	0,5254
799	5,078	799	0,5254
800	5,078	800	0,5283
801	5,077	801	0,5283
802	5,077	802	0,5248
803	5,078	803	0,5248
804	5,078	804	0,5283
805	5,079	805	0,5283
806	5,079	806	0,5256
807	5,079	807	0,5256
808	5,079	808	0,5287
809	5,078	809	0,5287
810	5,078	810	0,5254
811	5,079	811	0,5254
812	5,079	812	0,5283
813	5,078	813	0,5283
814	5,078	814	0,5246
815	5,078	815	0,5246
816	5,078	816	0,5281
817	5,078	817	0,5281
818	5,078	818	0,5244
819	5,078	819	0,5244
820	5,078	820	0,5279
821	5,078	821	0,5279
822	5,078	822	0,5242
823	5,078	823	0,5242
824	5,078	824	0,5279
825	5,077	825	0,5279
826	5,077	826	0,5248
827	5,078	827	0,5248
828	5,078	828	0,5275
829	5,077	829	0,5275
830	5,077	830	0,5248
831	5,078	831	0,5248
832	5,078	832	0,5271
833	5,077	833	0,5271
834	5,077	834	0,5248
835	5,078	835	0,5248
836	5,078	836	0,5273
837	5,078	837	0,5273
838	5,078	838	0,525
839	5,078	839	0,525
840	5,078	840	0,5273
841	5,077	841	0,5273
842	5,077	842	0,525
843	5,078	843	0,525
844	5,078	844	0,5273
845	5,078	845	0,5273
846	5,078	846	0,525
847	5,078	847	0,525
848	5,078	848	0,5275
849	5,078	849	0,5275
850	5,078	850	0,525
851	5,078	851	0,525
852	5,078	852	0,5269
853	5,078	853	0,5269
854	5,078	854	0,5252
855	5,078	855	0,5252
856	5,078	856	0,5277
857	5,077	857	0,5277
858	5,077	858	0,5256
859	5,078	859	0,5256
860	5,078	860	0,5269
861	5,077	861	0,5269
862	5,077	862	0,5268
863	5,079	863	0,5268
864	5,079	864	0,5272
865	5,078	865	0,5272
866	5,078	866	0,5267
867	5,079	867	0,5267
868	5,079	868	0,5268
869	5,078	869	0,5268
870	5,078	870	0,5267
871	5,079	871	0,5267
872	5,079	872	0,5266
873	5,078	873	0,5266
874	5,078	874	0,5267
875	5,079	875	0,5267
876	5,079	876	0,5268
877	5,078	877	0,5268
878	5,078	878	0,5268
879	5,079	879	0,5268
880	5,079	880	0,5268
881	5,078	881	0,5268
882	5,078	882	0,5271
883	5,078	883	0,5271
884	5,078	884	0,5267
885	5,078	885	0,5267
886	5,078	886	0,5264
887	5,078	887	0,5264
888	5,078	888	0,5267
889	5,077	889	0,5267
890	5,077	890	0,5264
891	5,078	891	0,5264
892	5,078	892	0,5266
893	5,078	893	0,5266
894	5,078	894	0,5268
895	5,079	895	0,5268
896	5,079	896	0,5268
897	5,078	897	0,5268
898	5,078	898	0,5271
899	5,079	899	0,5271
900	5,079	900	0,5259
901	5,078	901	0,5259
902	5,078	902	0,5271
903	5,079	903	0,5271
904	5,079	904	0,5254
905	5,078	905	0,5254
906	5,078	906	0,5273
907	5,079	907	0,5273
908	5,079	908	0,5252
909	5,078	909	0,5252
910	5,078	910	0,5271
911	5,078	911	0,5271
912	5,078	912	0,5256
913	5,078	913	0,5256
914	5,078	914	0,5277
915	5,079	915	0,5277
916	5,079	916	0,5254
917	5,078	917	0,5254
918	5,078	918	0,5281
919	5,079	919	0,5281
920	5,079	920	0,5254
921	5,079	921	0,5254
922	5,079	922	0,5287
923	5,079	923	0,5287
924	5,079	924	0,5248
925	5,078	925	0,5248
926	5,078	926	0,5281
927	5,078	927	0,5281
928	5,078	928	0,5246
929	5,078	929	0,5246
930	5,078	930	0,5281
931	5,078	931	0,5281
932	5,078	932	0,5244
933	5,078	933	0,5244
934	5,078	934	0,5285
935	5,078	935	0,5285
936	5,078	936	0,525
937	5,078	937	0,525
938	5,078	938	0,5283
939	5,078	939	0,5283
940	5,078	940	0,5248
941	5,078	941	0,5248
942	5,078	942	0,5277
943	5,078	943	0,5277
944	5,078	944	0,5248
945	5,078	945	0,5248
946	5,078	946	0,5277
947	5,078	947	0,5277
948	5,078	948	0,5252
949	5,079	949	0,5252
950	5,079	950	0,5299
951	5,078	951	0,5299
952	5,078	952	0,5248
953	5,079	953	0,5248
954	5,079	954	0,5297
955	5,079	955	0,5297
956	5,079	956	0,5257
957	5,079	957	0,5257
958	5,079	958	0,5297
959	5,079	959	0,5297
960	5,079	960	0,5261
961	5,079	961	0,5261
962	5,079	962	0,5297
963	5,079	963	0,5297
964	5,079	964	0,5257
965	5,079	965	0,5257
966	5,079	966	0,5291
967	5,079	967	0,5291
968	5,079	968	0,5256
969	5,079	969	0,5256
970	5,079	970	0,5289
971	5,079	971	0,5289
972	5,079	972	0,5254
973	5,079	973	0,5254
974	5,079	974	0,5287
975	5,079	975	0,5287
976	5,079	976	0,5248
977	5,078	977	0,5248
978	5,078	978	0,5283
979	5,078	979	0,5283
980	5,078	980	0,5246
981	5,078	981	0,5246
982	5,078	982	0,5279
983	5,078	983	0,5279
984	5,078	984	0,5248
985	5,078	985	0,5248
986	5,078	986	0,5281
987	5,079	987	0,5281
988	5,079	988	0,5261
989	5,079	989	0,5261
990	5,079	990	0,5271
991	5,078	991	0,5271
992	5,078	992	0,5267
993	5,079	993	0,5267
994	5,079	994	0,5269
995	5,078	995	0,5269
996	5,078	996	0,5265
997	5,079	997	0,5265
998	5,079	998	0,5268
999	5,078	999	0,5268
1000	5,078	1000	0,5265
1001	5,079	1001	0,5265
1002	5,079	1002	0,5267
1003	5,078	1003	0,5267
1004	5,078	1004	0,527
1005	5,079	1005	0,527
1006	5,079	1006	0,5268
1007	5,079	1007	0,5268
1008	5,079	1008	0,5272
1009	5,079	1009	0,5272
1010	5,079	1010	0,5259
1011	5,078	1011	0,5259
1012	5,078	1012	0,5269
1013	5,078	1013	0,5269
1014	5,078	1014	0,5256
1015	5,078	1015	0,5256
1016	5,078	1016	0,5273
1017	5,078	1017	0,5273
1018	5,078	1018	0,5252
1019	5,078	1019	0,5252
1020	5,078	1020	0,5283
1021	5,079	1021	0,5283
1022	5,079	1022	0,5254
1023	5,078	1023	0,5254
1024	5,078	1024	0,5275
1025	5,078	1025	0,5275
1026	5,078	1026	0,5254
1027	5,078	1027	0,5254
1028	5,078	1028	0,5275
1029	5,078	1029	0,5275
1030	5,078	1030	0,5254
1031	5,078	1031	0,5254
1032	5,078	1032	0,5273
1033	5,078	1033	0,5273
1034	5,078	1034	0,525
1035	5,078	1035	0,525
1036	5,078	1036	0,5273
1037	5,078	1037	0,5273
1038	5,078	1038	0,5252
1039	5,078	1039	0,5252
1040	5,078	1040	0,5279
1041	5,078	1041	0,5279
1042	5,078	1042	0,5252
1043	5,078	1043	0,5252
1044	5,078	1044	0,5279
1045	5,078	1045	0,5279
1046	5,078	1046	0,525
1047	5,079	1047	0,525
1048	5,079	1048	0,5279
1049	5,078	1049	0,5279
1050	5,078	1050	0,5246
1051	5,078	1051	0,5246
1052	5,078	1052	0,5289
1053	5,079	1053	0,5289
1054	5,079	1054	0,5254
1055	5,079	1055	0,5254
1056	5,079	1056	0,5291
1057	5,079	1057	0,5291
1058	5,079	1058	0,5256
1059	5,079	1059	0,5256
1060	5,079	1060	0,5291
1061	5,078	1061	0,5291
1062	5,078	1062	0,5246
1063	5,078	1063	0,5246
1064	5,078	1064	0,5275
1065	5,078	1065	0,5275
1066	5,078	1066	0,525
1067	5,078	1067	0,525
1068	5,078	1068	0,5281
1069	5,078	1069	0,5281
1070	5,078	1070	0,5248
1071	5,078	1071	0,5248
1072	5,078	1072	0,5279
1073	5,078	1073	0,5279
1074	5,078	1074	0,5256
1075	5,079	1075	0,5256
1076	5,079	1076	0,5287
1077	5,079	1077	0,5287
1078	5,079	1078	0,5257
1079	5,079	1079	0,5257
1080	5,079	1080	0,5283
1081	5,079	1081	0,5283
1082	5,079	1082	0,5252
1083	5,079	1083	0,5252
1084	5,079	1084	0,5285
1085	5,079	1085	0,5285
1086	5,079	1086	0,5254
1087	5,078	1087	0,5254
1088	5,078	1088	0,5269
1089	5,078	1089	0,5269
1090	5,078	1090	0,5252
1091	5,078	1091	0,5252
1092	5,078	1092	0,5271
1093	5,078	1093	0,5271
1094	5,078	1094	0,5252
1095	5,078	1095	0,5252
1096	5,078	1096	0,5275
1097	5,078	1097	0,5275
1098	5,078	1098	0,5252
1099	5,078	1099	0,5252
1100	5,078	1100	0,5283
1101	5,079	1101	0,5283
1102	5,079	1102	0,5256
1103	5,079	1103	0,5256
1104	5,079	1104	0,5283
1105	5,079	1105	0,5283
1106	5,079	1106	0,5254
1107	5,079	1107	0,5254
1108	5,079	1108	0,5289
1109	5,079	1109	0,5289
1110	5,079	1110	0,5256
1111	5,078	1111	0,5256
1112	5,078	1112	0,5271
1113	5,078	1113	0,5271
1114	5,078	1114	0,5252
1115	5,078	1115	0,5252
1116	5,078	1116	0,5271
1117	5,078	1117	0,5271
1118	5,078	1118	0,5252
1119	5,078	1119	0,5252
1120	5,078	1120	0,5275
1121	5,079	1121	0,5275
1122	5,079	1122	0,525
1123	5,078	1123	0,525
1124	5,078	1124	0,5275
1125	5,079	1125	0,5275
1126	5,079	1126	0,5261
1127	5,079	1127	0,5261
1128	5,079	1128	0,5283
1129	5,079	1129	0,5283
1130	5,079	1130	0,5261
1131	5,079	1131	0,5261
1132	5,079	1132	0,5283
1133	5,079	1133	0,5283
1134	5,079	1134	0,5259
1135	5,079	1135	0,5259
1136	5,079	1136	0,5279
1137	5,079	1137	0,5279
1138	5,079	1138	0,5259
1139	5,079	1139	0,5259
1140	5,079	1140	0,5281
1141	5,079	1141	0,5281
1142	5,079	1142	0,5256
1143	5,078	1143	0,5256
1144	5,078	1144	0,5267
1145	5,078	1145	0,5267
1146	5,078	1146	0,5254
1147	5,078	1147	0,5254
1148	5,078	1148	0,5267
1149	5,078	1149	0,5267
1150	5,078	1150	0,5252
1151	5,078	1151	0,5252
1152	5,078	1152	0,5269
1153	5,078	1153	0,5269
1154	5,078	1154	0,5252
1155	5,078	1155	0,5252
1156	5,078	1156	0,5275
1157	5,078	1157	0,5275
1158	5,078	1158	0,5254
1159	5,078	1159	0,5254
1160	5,078	1160	0,5279
1161	5,079	1161	0,5279
1162	5,079	1162	0,5256
1163	5,079	1163	0,5256
1164	5,079	1164	0,5283
1165	5,079	1165	0,5283
1166	5,079	1166	0,5256
1167	5,079	1167	0,5256
1168	5,079	1168	0,5283
1169	5,079	1169	0,5283
1170	5,079	1170	0,5261
1171	5,079	1171	0,5261
1172	5,079	1172	0,5287
1173	5,079	1173	0,5287
1174	5,079	1174	0,5257
1175	5,079	1175	0,5257
1176	5,079	1176	0,5285
1177	5,079	1177	0,5285
1178	5,079	1178	0,5259
1179	5,079	1179	0,5259
1180	5,079	1180	0,5279
1181	5,078	1181	0,5279
1182	5,078	1182	0,5252
1183	5,078	1183	0,5252
1184	5,078	1184	0,5281
1185	5,078	1185	0,5281
1186	5,078	1186	0,525
1187	5,078	1187	0,525
1188	5,078	1188	0,5281
1189	5,078	1189	0,5281
1190	5,078	1190	0,5257
1191	5,079	1191	0,5257
1192	5,079	1192	0,5287
1193	5,079	1193	0,5287
1194	5,079	1194	0,5257
1195	5,079	1195	0,5257
1196	5,079	1196	0,5295
1197	5,079	1197	0,5295
1198	5,079	1198	0,5259
1199	5,079	1199	0,5259
1200	5,079	1200	0,5295
1201	5,078	1201	0,5295
1202	5,078	1202	0,5254
1203	5,078	1203	0,5254
1204	5,078	1204	0,5283
1205	5,078	1205	0,5283
1206	5,078	1206	0,5254
1207	5,078	1207	0,5254
1208	5,078	1208	0,5283
1209	5,078	1209	0,5283
1210	5,078	1210	0,5248
1211	5,078	1211	0,5248
1212	5,078	1212	0,5285
1213	5,078	1213	0,5285
1214	5,078	1214	0,5256
1215	5,079	1215	0,5256
1216	5,079	1216	0,5291
1217	5,079	1217	0,5291
1218	5,079	1218	0,5254
1219	5,079	1219	0,5254
1220	5,079	1220	0,5295
1221	5,079	1221	0,5295
1222	5,079	1222	0,5256
1223	5,078	1223	0,5256
1224	5,078	1224	0,5287
1225	5,078	1225	0,5287
1226	5,078	1226	0,5248
1227	5,079	1227	0,5248
1228	5,079	1228	0,5293
1229	5,079	1229	0,5293
1230	5,079	1230	0,5256
1231	5,079	1231	0,5256
1232	5,079	1232	0,5289
1233	5,078	1233	0,5289
1234	5,078	1234	0,5254
1235	5,078	1235	0,5254
1236	5,078	1236	0,5281
1237	5,078	1237	0,5281
1238	5,078	1238	0,5256
1239	5,079	1239	0,5256
1240	5,079	1240	0,5279
1241	5,078	1241	0,5279
1242	5,078	1242	0,5254
1243	5,078	1243	0,5254
1244	5,078	1244	0,5279
1245	5,078	1245	0,5279
1246	5,078	1246	0,5256
1247	5,078	1247	0,5256
1248	5,078	1248	0,5283
1249	5,078	1249	0,5283
1250	5,078	1250	0,5256
1251	5,079	1251	0,5256
1252	5,079	1252	0,5281
1253	5,078	1253	0,5281
1254	5,078	1254	0,5269
1255	5,079	1255	0,5269
1256	5,079	1256	0,5281
1257	5,078	1257	0,5281
1258	5,078	1258	0,5271
1259	5,079	1259	0,5271
1260	5,079	1260	0,5271
1261	5,078	1261	0,5271
1262	5,078	1262	0,527
1263	5,078	1263	0,527
1264	5,078	1264	0,527
1265	5,078	1265	0,527
1266	5,078	1266	0,5269
1267	5,078	1267	0,5269
1268	5,078	1268	0,5269
1269	5,077	1269	0,5269
1270	5,077	1270	0,5269
1271	5,079	1271	0,5269
1272	5,079	1272	0,5268
1273	5,078	1273	0,5268
1274	5,078	1274	0,5272
1275	5,079	1275	0,5272
1276	5,079	1276	0,5261
1277	5,078	1277	0,5261
1278	5,078	1278	0,5275
1279	5,079	1279	0,5275
1280	5,079	1280	0,5256
1281	5,078	1281	0,5256
1282	5,078	1282	0,5275
1283	5,079	1283	0,5275
1284	5,079	1284	0,5259
1285	5,078	1285	0,5259
1286	5,078	1286	0,5297
1287	5,079	1287	0,5297
1288	5,079	1288	0,5254
1289	5,078	1289	0,5254
1290	5,078	1290	0,5293
1291	5,077	1291	0,5293
1292	5,077	1292	0,5252
1293	5,078	1293	0,5252
1294	5,078	1294	0,5289
1295	5,078	1295	0,5289
1296	5,078	1296	0,5252
1297	5,078	1297	0,5252
1298	5,078	1298	0,5287
1299	5,078	1299	0,5287
1300	5,078	1300	0,5261
1301	5,079	1301	0,5261
1302	5,079	1302	0,5297
1303	5,078	1303	0,5297
1304	5,078	1304	0,5252
1305	5,078	1305	0,5252
1306	5,078	1306	0,5295
1307	5,079	1307	0,5295
1308	5,079	1308	0,5257
1309	5,078	1309	0,5257
1310	5,078	1310	0,5293
1311	5,077	1311	0,5293
1312	5,077	1312	0,525
1313	5,077	1313	0,525
1314	5,077	1314	0,5293
1315	5,079	1315	0,5293
1316	5,079	1316	0,5257
1317	5,079	1317	0,5257
1318	5,079	1318	0,5291
1319	5,079	1319	0,5291
1320	5,079	1320	0,5259
1321	5,078	1321	0,5259
1322	5,078	1322	0,5295
1323	5,078	1323	0,5295
1324	5,078	1324	0,5259
1325	5,077	1325	0,5259
1326	5,077	1326	0,5283
